5
103 31
217 1891 4819 2291 2987 3811 1739 2491 4717 445 65 1079 8383 5353 901 187 649 1003 697 3239 7663 291 123 779 1007 3551 1943 2117 1679 989 3053
10000 25
3292937 175597 18779 50429 375469 1651121 2102 3722 2376497 611683 489059 2328901 3150061 829981 421301 76409 38477 291931 730241 959821 1664197 3057407 4267589 4729181 5335543
10000 81
11317783 11317783 4869881 3634429 5034599 34351321 12935227 14171147 63137693 50807111 50218073 78325421 34097629 9337817 2540257 4075691 16568339 29145491 50199511 41640853 33849017 39220837 58870171 63137693 33177307 33849017 59031061 19887277 9337817 8043131 12206321 51746839 33984803 19663871 37345967 9218359 429323 3625187 56963059 36508169 60539651 45319697 10664281 13404107 47233799 48942307 48638657 6879731 1964533 12031907 31497607 51051149 19501249 13404107 34351321 27423619 37708061 17786213 7814987 20753801 56963059 3625187 823211 21701431 22488071 14982137 7540201 2632337 22227353 40985023 21561521 33495263 59031061 47406871 27678121 33780881 33780881 6055411 11186569 87577909 7740449
10000 28
59311501 48288719 17943791 6197699 22579327 23913277 11006077 37823413 22390943 22390943 22889957 106511 410521 8372719 2894977 141943 392461 11764703 8013713 51781393 60776713 42913657 14508427 17212259 7067701 3514097 21310067 6222859
10000 47
14137477 14137477 8739407 7803179 20566471 5626199 3453161 9958097 36131191 9376243 6011437 43812739 86123483 19574809 109657 466771 32876531 29270453 71376623 71376623 60399223 67840321 30445799 390641 141137 11369647 719137 619439 619439 43213 61811 61811 699613 11174623 76335169 76946759 51529757 24743879 20354177 15647063 19353203 19353203 10959121 266309 719137 21637831 16242041
